  0.000 -266.92761
  0.750 -267.02204
  1.500 -267.37151
  2.250 -272.00000
  3.000 -273.00000
  0.000 -266.86871
  0.750 -267.06005
  1.500 -267.69105
  2.250 -272.00000
  3.000 -273.00000
  0.000 -266.82214
  0.750 -267.10940
  1.500 -267.96709
  2.250 -272.00000
  3.000 -273.00000
  0.000 -266.78665
  0.750 -267.16653
  1.500 -268.20661
  2.250 -272.00000
  3.000 -273.00000
  0.000 -266.76098
  0.750 -267.22877
  1.500 -268.41536
  2.250 -272.00000
  3.000 -273.00000
  0.000 -266.74392
  0.750 -267.29407
  1.500 -268.59810
  2.250 -272.00000
  3.000 -273.00000
  0.000 -266.73430
  0.750 -267.36091
  1.500 -268.75878
  2.250 -272.00000
  3.000 -273.00000
  0.000 -266.73105
  0.750 -267.42815
  1.500 -268.90068
  2.250 -272.00000
  3.000 -273.00000
  0.000 -266.73320
  0.750 -267.49493
  1.500 -269.02653
  2.250 -272.00000
  3.000 -273.00000
  0.000 -266.73988
  0.750 -267.56064
  1.500 -269.13863
  2.250 -272.00000
  3.000 -273.00000
  0.000 -266.75030
  0.750 -267.62485
  1.500 -269.23889
  2.250 -272.00000
  3.000 -273.00000
  0.000 -266.76379
  0.750 -267.68723
  1.500 -269.32893
  2.250 -272.00000
  3.000 -273.00000
  0.000 -266.77973
  0.750 -267.74760
  1.500 -269.41011
  2.250 -272.00000
  3.000 -273.00000
  0.000 -266.79761
  0.750 -267.80581
  1.500 -269.48357
  2.250 -272.00000
  3.000 -273.00000
  0.000 -266.81698
  0.750 -267.86179
  1.500 -269.55030
  2.250 -272.00000
  3.000 -273.00000
  0.000 -266.83745
  0.750 -267.91553
  1.500 -269.61112
  2.250 -272.00000
  3.000 -273.00000
  0.000 -266.85869
  0.750 -267.96701
  1.500 -269.66675
  2.250 -272.00000
  3.000 -273.00000
  0.000 -266.88043
  0.750 -268.01628
  1.500 -269.71778
  2.250 -272.00000
  3.000 -273.00000
  0.000 -266.90243
  0.750 -268.06337
  1.500 -269.76473
  2.250 -272.00000
  3.000 -273.00000
  0.000 -266.92451
  0.750 -268.10835
  1.500 -269.80805
  2.250 -272.00000
  3.000 -273.00000
  0.000 -266.94648
  0.750 -268.15127
  1.500 -269.84813
  2.250 -272.00000
  3.000 -273.00000
  0.000 -266.96824
  0.750 -268.19221
  1.500 -269.88530
  2.250 -272.00000
  3.000 -273.00000
  0.000 -266.98966
  0.750 -268.23124
  1.500 -269.91985
  2.250 -272.00000
  3.000 -273.00000
  0.000 -267.01066
  0.750 -268.26845
  1.500 -269.95203
  2.250 -272.00000
  3.000 -273.00000
  0.000 -267.03117
  0.750 -268.30389
  1.500 -269.98207
  2.250 -272.00000
  3.000 -273.00000
  0.000 -267.05115
  0.750 -268.33765
  1.500 -270.01015
  2.250 -272.00000
  3.000 -273.00000
  0.000 -267.07054
  0.750 -268.36980
  1.500 -270.03644
  2.250 -272.00000
  3.000 -273.00000
  0.000 -267.08934
  0.750 -268.40042
  1.500 -270.06111
  2.250 -272.00000
  3.000 -273.00000
  0.000 -267.10750
  0.750 -268.42957
  1.500 -270.08427
  2.250 -272.00000
  3.000 -273.00000
  0.000 -267.12503
  0.750 -268.45732
  1.500 -270.10606
  2.250 -272.00000
  3.000 -273.00000
  0.000 -267.14193
  0.750 -268.48373
  1.500 -270.12656
  2.250 -272.00000
  3.000 -273.00000
  0.000 -267.15818
  0.750 -268.50888
  1.500 -270.14589
  2.250 -272.00000
  3.000 -273.00000
  0.000 -267.17379
  0.750 -268.53281
  1.500 -270.16413
  2.250 -272.00000
  3.000 -273.00000
  0.000 -267.18879
  0.750 -268.55558
  1.500 -270.18134
  2.250 -272.00000
  3.000 -273.00000
  0.000 -267.20316
  0.750 -268.57726
  1.500 -270.19761
  2.250 -272.00000
  3.000 -273.00000
  0.000 -267.21694
  0.750 -268.59789
  1.500 -270.21299
  2.250 -272.00000
  3.000 -273.00000
  0.000 -267.23013
  0.750 -268.61752
  1.500 -270.22754
  2.250 -272.00000
  3.000 -273.00000
  0.000 -267.24275
  0.750 -268.63620
  1.500 -270.24132
  2.250 -272.00000
  3.000 -273.00000
  0.000 -267.25481
  0.750 -268.65398
  1.500 -270.25437
  2.250 -272.00000
  3.000 -273.00000
  0.000 -267.26635
  0.750 -268.67090
  1.500 -270.26674
  2.250 -272.00000
  3.000 -273.00000
  0.000 -267.27737
  0.750 -268.68700
  1.500 -270.27846
  2.250 -272.00000
  3.000 -273.00000
  0.000 -267.28789
  0.750 -268.70232
  1.500 -270.28958
  2.250 -272.00000
  3.000 -273.00000
  0.000 -267.29793
  0.750 -268.71690
  1.500 -270.30013
  2.250 -272.00000
  3.000 -273.00000
  0.000 -267.30752
  0.750 -268.73077
  1.500 -270.31015
  2.250 -272.00000
  3.000 -273.00000
  0.000 -267.31666
  0.750 -268.74397
  1.500 -270.31965
  2.250 -272.00000
  3.000 -273.00000
  0.000 -267.32538
  0.750 -268.75654
  1.500 -270.32868
  2.250 -272.00000
  3.000 -273.00000
  0.000 -267.33369
  0.750 -268.76849
  1.500 -270.33725
  2.250 -272.00000
  3.000 -273.00000
  0.000 -267.34161
  0.750 -268.77987
  1.500 -270.34539
  2.250 -272.00000
  3.000 -273.00000
  0.000 -267.34917
  0.750 -268.79069
  1.500 -270.35312
  2.250 -272.00000
  3.000 -273.00000
  0.000 -267.35636
  0.750 -268.80099
  1.500 -270.36047
  2.250 -272.00000
  3.000 -273.00000
  0.000 -267.36322
  0.750 -268.81079
  1.500 -270.36746
  2.250 -272.00000
  3.000 -273.00000
  0.000 -267.36976
  0.750 -268.82012
  1.500 -270.37410
  2.250 -272.00000
  3.000 -273.00000
  0.000 -267.37598
  0.750 -268.82899
  1.500 -270.38041
  2.250 -272.00000
  3.000 -273.00000
  0.000 -267.38191
  0.750 -268.83744
  1.500 -270.38641
  2.250 -272.00000
  3.000 -273.00000
  0.000 -267.38755
  0.750 -268.84547
  1.500 -270.39212
  2.250 -272.00000
  3.000 -273.00000
  0.000 -267.39292
  0.750 -268.85312
  1.500 -270.39754
  2.250 -272.00000
  3.000 -273.00000
  0.000 -267.39804
  0.750 -268.86039
  1.500 -270.40270
  2.250 -272.00000
  3.000 -273.00000
  0.000 -267.40292
  0.750 -268.86732
  1.500 -270.40761
  2.250 -272.00000
  3.000 -273.00000
  0.000 -267.40756
  0.750 -268.87391
  1.500 -270.41228
  2.250 -272.00000
  3.000 -273.00000
  0.000 -267.41197
  0.750 -268.88018
  1.500 -270.41671
  2.250 -272.00000
  3.000 -273.00000
  0.000 -267.41618
  0.750 -268.88614
  1.500 -270.42094
  2.250 -272.00000
  3.000 -273.00000
  0.000 -267.42018
  0.750 -268.89182
  1.500 -270.42495
  2.250 -272.00000
  3.000 -273.00000
  0.000 -267.42399
  0.750 -268.89722
  1.500 -270.42877
  2.250 -272.00000
  3.000 -273.00000
  0.000 -267.42762
  0.750 -268.90236
  1.500 -270.43241
  2.250 -272.00000
  3.000 -273.00000
  0.000 -267.43107
  0.750 -268.90725
  1.500 -270.43586
  2.250 -272.00000
  3.000 -273.00000
  0.000 -267.43435
  0.750 -268.91190
  1.500 -270.43915
  2.250 -272.00000
  3.000 -273.00000
  0.000 -267.43748
  0.750 -268.91633
  1.500 -270.44228
  2.250 -272.00000
  3.000 -273.00000
  0.000 -267.44046
  0.750 -268.92055
  1.500 -270.44526
  2.250 -272.00000
  3.000 -273.00000
  0.000 -267.44329
  0.750 -268.92456
  1.500 -270.44809
  2.250 -272.00000
  3.000 -273.00000
  0.000 -267.44598
  0.750 -268.92837
  1.500 -270.45078
  2.250 -272.00000
  3.000 -273.00000
  0.000 -267.44855
  0.750 -268.93200
  1.500 -270.45335
  2.250 -272.00000
  3.000 -273.00000
  0.000 -267.45099
  0.750 -268.93546
  1.500 -270.45578
  2.250 -272.00000
  3.000 -273.00000
  0.000 -267.45331
  0.750 -268.93875
  1.500 -270.45810
  2.250 -272.00000
  3.000 -273.00000
  0.000 -267.45552
  0.750 -268.94187
  1.500 -270.46031
  2.250 -272.00000
  3.000 -273.00000
  0.000 -267.45763
  0.750 -268.94485
  1.500 -270.46241
  2.250 -272.00000
  3.000 -273.00000
  0.000 -267.45963
  0.750 -268.94768
  1.500 -270.46441
  2.250 -272.00000
  3.000 -273.00000
  0.000 -267.46154
  0.750 -268.95038
  1.500 -270.46631
  2.250 -272.00000
  3.000 -273.00000
  0.000 -267.46335
  0.750 -268.95294
  1.500 -270.46812
  2.250 -272.00000
  3.000 -273.00000
  0.000 -267.46508
  0.750 -268.95538
  1.500 -270.46985
  2.250 -272.00000
  3.000 -273.00000
  0.000 -267.46672
  0.750 -268.95771
  1.500 -270.47148
  2.250 -272.00000
  3.000 -273.00000
  0.000 -267.46828
  0.750 -268.95992
  1.500 -270.47304
  2.250 -272.00000
  3.000 -273.00000
  0.000 -267.46977
  0.750 -268.96202
  1.500 -270.47453
  2.250 -272.00000
  3.000 -273.00000
  0.000 -267.47118
  0.750 -268.96402
  1.500 -270.47594
  2.250 -272.00000
  3.000 -273.00000
  0.000 -267.47253
  0.750 -268.96592
  1.500 -270.47728
  2.250 -272.00000
  3.000 -273.00000
  0.000 -267.47381
  0.750 -268.96773
  1.500 -270.47856
  2.250 -272.00000
  3.000 -273.00000
  0.000 -267.47503
  0.750 -268.96946
  1.500 -270.47977
  2.250 -272.00000
  3.000 -273.00000
  0.000 -267.47619
  0.750 -268.97110
  1.500 -270.48093
  2.250 -272.00000
  3.000 -273.00000
  0.000 -267.47729
  0.750 -268.97266
  1.500 -270.48203
  2.250 -272.00000
  3.000 -273.00000
  0.000 -267.47834
  0.750 -268.97415
  1.500 -270.48308
  2.250 -272.00000
  3.000 -273.00000
  0.000 -267.47934
  0.750 -268.97556
  1.500 -270.48408
  2.250 -272.00000
  3.000 -273.00000
  0.000 -267.48029
  0.750 -268.97690
  1.500 -270.48503
  2.250 -272.00000
  3.000 -273.00000
  0.000 -267.48120
  0.750 -268.97818
  1.500 -270.48593
  2.250 -272.00000
  3.000 -273.00000
  0.000 -267.48206
  0.750 -268.97940
  1.500 -270.48679
  2.250 -272.00000
  3.000 -273.00000
  0.000 -267.48288
  0.750 -268.98056
  1.500 -270.48760
  2.250 -272.00000
  3.000 -273.00000
  0.000 -267.48366
  0.750 -268.98166
  1.500 -270.48838
  2.250 -272.00000
  3.000 -273.00000
  0.000 -267.48440
  0.750 -268.98271
  1.500 -270.48912
  2.250 -272.00000
  3.000 -273.00000
  0.000 -267.48511
  0.750 -268.98371
  1.500 -270.48983
  2.250 -272.00000
  3.000 -273.00000
  0.000 -267.48578
  0.750 -268.98466
  1.500 -270.49050
  2.250 -272.00000
  3.000 -273.00000
  0.000 -267.48642
  0.750 -268.98556
  1.500 -270.49113
  2.250 -272.00000
  3.000 -273.00000
  0.000 -267.48703
  0.750 -268.98642
  1.500 -270.49174
  2.250 -272.00000
  3.000 -273.00000
